   99.950000000000003     
   199.95000000000002     
   299.94999999999999     
   399.95000000000005     
   499.95000000000005     
   599.95000000000005     
   699.95000000000005     
   799.95000000000005     
   899.95000000000005     
   999.95000000000005     
   1099.9500000000000     
   1199.9500000000000     
   1299.9500000000000     
   1399.9500000000000     
   1499.9500000000000     
   1599.9500000000000     
   1699.9500000000000     
   1799.9500000000000     
   1899.9500000000000     
   1999.9500000000000     
   2099.9500000000003     
   2199.9500000000003     
   2299.9500000000003     
   2399.9500000000003     
   2499.9500000000003     
   2599.9500000000003     
   2699.9500000000003     
   2799.9500000000003     
   2899.9500000000003     
   2999.9500000000003     
   3099.9500000000003     
   3199.9500000000003     
   3299.9500000000003     
   3399.9500000000003     
   3499.9500000000003     
   3599.9500000000003     
   3699.9500000000003     
   3799.9500000000003     
   3899.9500000000003     
   3999.9500000000003     
   4099.9499999999998     
   4199.9499999999998     
   4299.9499999999998     
   4399.9499999999998     
   4499.9499999999998     
   4599.9499999999998     
   4699.9499999999998     
   4799.9499999999998     
   4899.9499999999998     
   4999.9500000000007     
   5099.9500000000007     
   5199.9500000000007     
   5299.9500000000007     
   5399.9500000000007     
   5499.9500000000007     
   5599.9500000000007     
   5699.9500000000007     
   5799.9500000000007     
   5899.9500000000007     
   5999.9500000000007     
   6099.9500000000007     
   6199.9500000000007     
   6299.9500000000007     
   6399.9500000000007     
   6499.9500000000007     
   6599.9500000000007     
   6699.9500000000007     
   6799.9500000000007     
   6899.9500000000007     
   6999.9500000000007     
   7099.9500000000007     
   7199.9500000000007     
   7299.9500000000007     
   7399.9500000000007     
   7499.9500000000007     
   7599.9500000000007     
   7699.9500000000007     
   7799.9500000000007     
   7899.9500000000007     
   7999.9500000000007     
   8099.9500000000007     
   8199.9500000000007     
   8299.9500000000007     
   8399.9500000000007     
   8499.9500000000007     
   8599.9500000000007     
   8699.9500000000007     
   8799.9500000000007     
   8899.9500000000007     
   8999.9500000000007     
   9099.9500000000007     
   9199.9500000000007     
   9299.9500000000007     
   9399.9500000000007     
   9499.9500000000007     
   9599.9500000000007     
   9699.9500000000007     
   9799.9500000000007     
   9899.9500000000007     
   9999.9500000000007     
   10099.950000000001     
   10199.950000000001     
   10299.950000000001     
   10399.950000000001     
   10499.950000000001     
   10599.950000000001     
   10699.950000000001     
   10799.950000000001     
   10899.950000000001     
   10999.950000000001     
   11099.950000000001     
   11199.950000000001     
   11299.950000000001     
   11399.950000000001     
   11499.950000000001     
   11599.950000000001     
   11699.950000000001     
   11799.950000000001     
   11899.950000000001     
   11999.950000000001     
   12099.950000000001     
   12199.950000000001     
   12299.950000000001     
   12399.950000000001     
   12499.950000000001     
   12599.950000000001     
   12699.950000000001     
   12799.950000000001     
   12899.950000000001     
   12999.950000000001     
   13099.950000000001     
   13199.950000000001     
   13299.950000000001     
   13399.950000000001     
   13499.950000000001     
   13599.950000000001     
   13699.950000000001     
   13799.950000000001     
   13899.950000000001     
   13999.950000000001     
   14099.950000000001     
   14199.950000000001     
   14299.950000000001     
   14399.950000000001     
   14499.950000000001     
   14599.950000000001     
   14699.950000000001     
   14799.950000000001     
   14899.950000000001     
   14999.950000000001     
   15099.950000000001     
   15199.950000000001     
   15299.950000000001     
   15399.950000000001     
   15499.950000000001     
   15599.950000000001     
   15699.950000000001     
   15799.950000000001     
   15899.950000000001     
   15999.950000000001     
   16099.950000000001     
   16199.950000000001     
   16299.950000000001     
   16399.950000000001     
   16499.950000000001     
   16599.950000000001     
   16699.950000000001     
   16799.950000000001     
   16899.950000000001     
   16999.950000000001     
   17099.950000000001     
   17199.950000000001     
   17299.950000000001     
   17399.950000000001     
   17499.950000000001     
   17599.950000000001     
   17699.950000000001     
   17799.950000000001     
   17899.950000000001     
   17999.950000000001     
   18099.950000000001     
   18199.950000000001     
   18299.950000000001     
   18399.950000000001     
   18499.950000000001     
   18599.950000000001     
   18699.950000000001     
   18799.950000000001     
   18899.950000000001     
   18999.950000000001     
   19099.950000000001     
   19199.950000000001     
   19299.950000000001     
   19399.950000000001     
   19499.950000000001     
   19599.950000000001     
   19699.950000000001     
   19799.950000000001     
   19899.950000000001     
   19999.950000000001     
   20099.950000000001     
   20199.950000000001     
   20299.950000000001     
   20399.950000000001     
   20499.950000000001     
   20599.950000000001     
   20699.950000000001     
   20799.950000000001     
   20899.950000000001     
   20999.950000000001     
   21099.950000000001     
   21199.950000000001     
   21299.950000000001     
   21399.950000000001     
   21499.950000000001     
   21599.950000000001     
   21699.950000000001     
   21799.950000000001     
   21899.950000000001     
   21999.950000000001     
   22099.950000000001     
   22199.950000000001     
   22299.950000000001     
   22399.950000000001     
   22499.950000000001     
   22599.950000000001     
   22699.950000000001     
   22799.950000000001     
   22899.950000000001     
   22999.950000000001     
   23099.950000000001     
   23199.950000000001     
   23299.950000000001     
   23399.950000000001     
   23499.950000000001     
   23599.950000000001     
   23699.950000000001     
   23799.950000000001     
   23899.950000000001     
   23999.950000000001     
   24099.950000000001     
   24199.950000000001     
   24299.950000000001     
   24399.950000000001     
   24499.950000000001     
   24599.950000000001     
   24699.950000000001     
   24799.950000000001     
   24899.950000000001     
   24999.950000000001     
   25099.950000000001     
   25199.950000000001     
   25299.950000000001     
   25399.950000000001     
   25499.950000000001     
   25599.950000000001     
   25699.950000000001     
   25799.950000000001     
   25899.950000000001     
   25999.950000000001     
   26099.950000000001     
   26199.950000000001     
   26299.950000000001     
   26399.950000000001     
   26499.950000000001     
   26599.950000000001     
   26699.950000000001     
   26799.950000000001     
   26899.950000000001     
   26999.950000000001     
   27099.950000000001     
   27199.950000000001     
   27299.950000000001     
   27399.950000000001     
   27499.950000000001     
   27599.950000000001     
   27699.950000000001     
   27799.950000000001     
   27899.950000000001     
   27999.950000000001     
   28099.950000000001     
   28199.950000000001     
   28299.950000000001     
   28399.950000000001     
   28499.950000000001     
   28599.950000000001     
   28699.950000000001     
   28799.950000000001     
   28899.950000000001     
   28999.950000000001     
   29099.950000000001     
   29199.950000000001     
   29299.950000000001     
   29399.950000000001     
   29499.950000000001     
   29599.950000000001     
   29699.950000000001     
   29799.950000000001     
   29899.950000000001     
   29999.950000000001     
   30099.950000000001     
   30199.950000000001     
   30299.950000000001     
   30399.950000000001     
   30499.950000000001     
   30599.950000000001     
   30699.950000000001     
   30799.950000000001     
   30899.950000000001     
   30999.950000000001     
   31099.950000000001     
   31199.950000000001     
   31299.950000000001     
   31399.950000000001     
   31499.950000000001     
   31599.950000000001     
   31699.950000000001     
   31799.950000000001     
   31899.950000000001     
   31999.950000000001     
   32099.950000000001     
   32199.950000000001     
   32299.950000000001     
   32399.950000000001     
   32499.950000000001     
   32599.950000000001     
   32699.950000000001     
   32799.950000000004     
   32899.950000000004     
   32999.950000000004     
   33099.950000000004     
   33199.950000000004     
   33299.950000000004     
   33399.950000000004     
   33499.950000000004     
   33599.950000000004     
   33699.950000000004     
   33799.950000000004     
   33899.950000000004     
   33999.950000000004     
   34099.950000000004     
   34199.950000000004     
