   50000.000000000000     
   150000.00000000000     
   250000.00000000000     
   350000.00000000000     
   450000.00000000000     
   550000.00000000000     
   650000.00000000000     
   750000.00000000000     
   850000.00000000000     
   950000.00000000000     
   1050000.0000000000     
   1150000.0000000000     
   1250000.0000000000     
   1350000.0000000000     
   1450000.0000000000     
   1550000.0000000000     
   1650000.0000000000     
   1750000.0000000000     
   1850000.0000000000     
   1950000.0000000000     
   2050000.0000000000     
   2150000.0000000000     
   2250000.0000000000     
   2350000.0000000000     
   2450000.0000000000     
   2550000.0000000000     
   2650000.0000000000     
   2750000.0000000000     
   2850000.0000000000     
   2950000.0000000000     
   3050000.0000000000     
   3150000.0000000000     
   3250000.0000000000     
   3350000.0000000000     
   3450000.0000000000     
   3550000.0000000000     
   3650000.0000000000     
   3750000.0000000000     
   3850000.0000000000     
   3950000.0000000000     
   4050000.0000000000     
   4150000.0000000000     
   4250000.0000000000     
   4350000.0000000000     
   4450000.0000000000     
   4550000.0000000000     
   4650000.0000000000     
   4750000.0000000000     
   4850000.0000000000     
   4950000.0000000000     
   5050000.0000000000     
   5150000.0000000000     
   5250000.0000000000     
   5350000.0000000000     
   5450000.0000000000     
   5550000.0000000000     
   5650000.0000000000     
   5750000.0000000000     
   5850000.0000000000     
   5950000.0000000000     
   6050000.0000000000     
   6150000.0000000000     
   6250000.0000000000     
   6350000.0000000000     
   6450000.0000000000     
   6550000.0000000000     
   6650000.0000000000     
   6750000.0000000000     
   6850000.0000000000     
   6950000.0000000000     
   7050000.0000000000     
   7150000.0000000000     
   7250000.0000000000     
   7350000.0000000000     
   7450000.0000000000     
   7550000.0000000000     
   7650000.0000000000     
   7750000.0000000000     
   7850000.0000000000     
   7950000.0000000000     
   8050000.0000000000     
   8150000.0000000000     
   8250000.0000000000     
   8350000.0000000000     
   8450000.0000000000     
   8550000.0000000000     
   8650000.0000000000     
   8750000.0000000000     
   8850000.0000000000     
   8950000.0000000000     
   9050000.0000000000     
   9150000.0000000000     
   9250000.0000000000     
   9350000.0000000000     
   9450000.0000000000     
   9550000.0000000000     
   9650000.0000000000     
   9750000.0000000000     
   9850000.0000000000     
   9950000.0000000000     
