   5.0000000000000000     
   15.000000000000000     
   25.000000000000000     
   35.000000000000000     
   45.000000000000000     
   55.000000000000000     
   65.000000000000000     
   75.000000000000000     
   85.000000000000000     
   95.000000000000000     
   105.00000000000000     
   115.00000000000000     
   125.00000000000000     
   135.00000000000000     
   145.00000000000000     
   155.00000000000000     
   165.00000000000000     
   175.00000000000000     
   185.00000000000000     
   195.00000000000000     
   205.00000000000000     
   215.00000000000000     
   225.00000000000000     
   235.00000000000000     
   245.00000000000000     
   255.00000000000000     
   265.00000000000000     
   275.00000000000000     
   285.00000000000000     
   295.00000000000000     
   305.00000000000000     
   315.00000000000000     
   325.00000000000000     
   335.00000000000000     
   345.00000000000000     
   355.00000000000000     
   365.00000000000000     
   375.00000000000000     
   385.00000000000000     
   395.00000000000000     
   405.00000000000000     
   415.00000000000000     
   425.00000000000000     
   435.00000000000000     
   445.00000000000000     
   455.00000000000000     
   465.00000000000000     
   475.00000000000000     
   485.00000000000000     
   495.00000000000000     
   505.00000000000000     
   515.00000000000000     
   525.00000000000000     
   535.00000000000000     
   545.00000000000000     
   555.00000000000000     
   565.00000000000000     
   575.00000000000000     
   585.00000000000000     
   595.00000000000000     
   605.00000000000000     
   615.00000000000000     
   625.00000000000000     
   635.00000000000000     
   645.00000000000000     
   655.00000000000000     
   665.00000000000000     
   675.00000000000000     
   685.00000000000000     
   695.00000000000000     
   705.00000000000000     
   715.00000000000000     
   725.00000000000000     
   735.00000000000000     
   745.00000000000000     
   755.00000000000000     
   765.00000000000000     
   775.00000000000000     
   785.00000000000000     
   795.00000000000000     
   805.00000000000000     
   815.00000000000000     
   825.00000000000000     
   835.00000000000000     
   845.00000000000000     
   855.00000000000000     
   865.00000000000000     
   875.00000000000000     
   885.00000000000000     
   895.00000000000000     
   905.00000000000000     
   915.00000000000000     
   925.00000000000000     
   935.00000000000000     
   945.00000000000000     
   955.00000000000000     
   965.00000000000000     
   975.00000000000000     
   985.00000000000000     
   995.00000000000000     
   1005.0000000000000     
   1015.0000000000000     
   1025.0000000000000     
   1035.0000000000000     
   1045.0000000000000     
   1055.0000000000000     
   1065.0000000000000     
   1075.0000000000000     
   1085.0000000000000     
   1095.0000000000000     
   1105.0000000000000     
   1115.0000000000000     
   1125.0000000000000     
   1135.0000000000000     
   1145.0000000000000     
   1155.0000000000000     
   1165.0000000000000     
   1175.0000000000000     
   1185.0000000000000     
   1195.0000000000000     
   1205.0000000000000     
   1215.0000000000000     
   1225.0000000000000     
   1235.0000000000000     
   1245.0000000000000     
   1255.0000000000000     
   1265.0000000000000     
   1275.0000000000000     
   1285.0000000000000     
   1295.0000000000000     
   1305.0000000000000     
   1315.0000000000000     
   1325.0000000000000     
   1335.0000000000000     
   1345.0000000000000     
   1355.0000000000000     
   1365.0000000000000     
   1375.0000000000000     
   1385.0000000000000     
   1395.0000000000000     
   1405.0000000000000     
   1415.0000000000000     
   1425.0000000000000     
   1435.0000000000000     
   1445.0000000000000     
   1455.0000000000000     
   1465.0000000000000     
   1475.0000000000000     
   1485.0000000000000     
   1495.0000000000000     
   1505.0000000000000     
   1515.0000000000000     
   1525.0000000000000     
   1535.0000000000000     
   1545.0000000000000     
   1555.0000000000000     
   1565.0000000000000     
   1575.0000000000000     
   1585.0000000000000     
   1595.0000000000000     
   1605.0000000000000     
   1615.0000000000000     
   1625.0000000000000     
   1635.0000000000000     
   1645.0000000000000     
   1655.0000000000000     
   1665.0000000000000     
   1675.0000000000000     
   1685.0000000000000     
   1695.0000000000000     
   1705.0000000000000     
   1715.0000000000000     
   1725.0000000000000     
   1735.0000000000000     
   1745.0000000000000     
   1755.0000000000000     
   1765.0000000000000     
   1775.0000000000000     
   1785.0000000000000     
   1795.0000000000000     
   1805.0000000000000     
   1815.0000000000000     
   1825.0000000000000     
   1835.0000000000000     
   1845.0000000000000     
   1855.0000000000000     
   1865.0000000000000     
   1875.0000000000000     
   1885.0000000000000     
   1895.0000000000000     
   1905.0000000000000     
   1915.0000000000000     
   1925.0000000000000     
   1935.0000000000000     
   1945.0000000000000     
   1955.0000000000000     
   1965.0000000000000     
   1975.0000000000000     
   1985.0000000000000     
   1995.0000000000000     
